6.000000000000000000e+00 -1.444984391127946397e-04 1.350143073187935130e-21
6.556949367088607872e+00 -2.919456893104774016e-04 -1.144555108205082340e-19
7.113898734177215744e+00 -4.339509797606712523e-04 2.701523928050024902e-18
7.670848101265822727e+00 -5.711298840617041322e-04 8.498956885232464466e-17
8.227797468354431487e+00 -7.046797090649159880e-04 3.541474060647611313e-16
8.784746835443037583e+00 -8.354603958627814658e-04 -3.234039016045892465e-15
9.341696202531645454e+00 -9.635128178103248044e-04 3.867327023216000267e-13
9.898645569620253326e+00 -1.089326136976132746e-03 2.469280665112556073e-11
1.045559493670886120e+01 -1.209974237585063114e-03 5.083764766307965756e-10
1.101254430379746907e+01 -1.325919096471588803e-03 3.424477758418290148e-09
1.156949367088607694e+01 -1.438527522738315733e-03 -1.642753461067259244e-08
1.212644303797468481e+01 -1.550543224483233581e-03 -1.910917076593526781e-07
1.268339240506329091e+01 -1.654846815000394177e-03 7.468929791164925932e-07
1.324034177215190056e+01 -1.757573822709950200e-03 2.686486179302995941e-06
1.379729113924050665e+01 -1.846780972570015748e-03 -1.951677611921415824e-05
1.435424050632911452e+01 -2.149429853270245269e-03 5.819961480090191601e-05
1.491118987341772240e+01 -2.514785786359738026e-03 -1.617364136895720983e-04
1.546813924050633027e+01 -2.251591032873422136e-03 1.090431286909275196e-03
1.602508860759493814e+01 -2.164252862463928156e-03 2.136761370243524683e-04
1.658203797468354423e+01 -2.474389472111317070e-03 -3.649253838635570148e-03
1.713898734177215388e+01 -4.526072277545992173e-03 -2.140775254830377863e-03
1.769593670886075998e+01 -1.329308182765182944e-03 3.105142534934142635e-04
1.825288607594936963e+01 -1.084151227304329000e-03 1.067733303647362643e-03
1.880983544303797572e+01 -4.962601317270885423e-04 -2.698411447902384405e-04
1.936678481012658182e+01 -5.782346299531095947e-03 -3.745241039094557300e-03
1.992373417721519147e+01 -8.552530798854825200e-03 -5.381523702668939563e-03
2.048068354430380111e+01 -6.440725008945522717e-03 -8.468425472804528079e-03
2.103763291139240721e+01 -1.950684355430525561e-03 -6.591800082205979960e-03
2.159458227848101330e+01 -3.378403469326345023e-03 -8.009493203874123654e-03
2.215153164556962295e+01 -1.038994885998761192e-02 -1.463061474081413932e-02
2.270848101265822905e+01 3.251675686569250982e-03 -2.525726589625903323e-02
2.326543037974683870e+01 -1.235019065133180667e-02 -7.978704315282043186e-03
2.382237974683544479e+01 -9.343138187416425225e-03 -9.059098420193633164e-03
2.437932911392405089e+01 4.786881820381550662e-03 -2.643630554547555730e-02
2.493627848101266054e+01 -5.809670088317663017e-02 -5.895707024786684541e-02
2.549322784810126663e+01 -3.278944834836840239e-02 -4.580082460216006873e-02
2.605017721518987628e+01 -9.010392952993073745e-02 -5.633698550133058730e-02
2.660712658227848237e+01 -1.031938294479279733e-01 -1.085828127337934018e-01
2.716407594936709202e+01 -9.974724509859356214e-02 -6.532173629009273286e-02
2.772102531645569812e+01 -1.539411706566979066e-01 3.057393465027409898e-02
2.827797468354430777e+01 2.662226374532277728e-01 8.385923903374130350e-02
2.883492405063291386e+01 8.179596035823846201e-01 4.083616607193558679e-01
2.939187341772151996e+01 1.080404734913306797e+00 8.853657533669310187e-01
2.994882278481012960e+01 7.554091874557198327e-01 1.097379074831642987e+00
3.050577215189873570e+01 5.332381400880915612e-01 8.657691850700688363e-01
3.106272151898734535e+01 8.570720636745295107e-02 6.402313746022947338e-02
3.161967088607595144e+01 -3.088034804108787390e-01 -4.445799774391331338e-01
3.217662025316455754e+01 -4.348539580885743550e-01 -4.314675588506453052e-01
3.273356962025316363e+01 -3.288745036042184933e-01 -6.006028534282929071e-02
3.329051898734176973e+01 -4.158808554652373424e-01 1.537262875478615787e-01
3.384746835443038293e+01 -2.661805449030068549e-01 -2.674987358796602002e-03
3.440441772151898903e+01 -4.225764748416370731e-01 -2.974336797156615364e-01
3.496136708860760223e+01 -4.695963345373707631e-01 -4.020249365651962226e-01
3.551831645569620832e+01 -2.934127338466374080e-01 -2.068799681074954266e-01
3.607526582278481442e+01 -1.897307304264607142e-01 6.131681898512075096e-02
3.663221518987342051e+01 4.729749190715610424e-02 1.610424582082640443e-01
3.718916455696202661e+01 9.460651652439484860e-02 1.092509324727458098e-01
3.774611392405063270e+01 9.336551007095685029e-02 7.228584955933821388e-02
3.830306329113924591e+01 7.139033486571526310e-02 1.883905041230371780e-01
3.886001265822785200e+01 9.171162688562602139e-02 3.571444978163565431e-01
3.941696202531645810e+01 8.156086202663755114e-02 3.399452048549946315e-01
3.997391139240506419e+01 -9.500741926552364047e-02 9.239355028634801958e-02
4.053086075949367739e+01 -4.028922015553114411e-02 -2.047487672229656996e-01
4.108781012658228349e+01 -1.838973287658032807e-01 -3.194021973420664851e-01
4.164475949367088958e+01 -1.998981301260153165e-01 -2.590328352104014908e-01
4.220170886075949568e+01 -2.686164835350048352e-01 -8.874309948446913732e-02
4.275865822784810177e+01 -2.498095685545407840e-01 -5.656311836551153674e-03
4.331560759493671497e+01 -1.583712355599182775e-01 -5.373002413006587596e-02
4.387255696202532107e+01 -1.440744117798318236e-01 -1.391669388195384549e-01
4.442950632911392717e+01 -8.157400613462062466e-02 -1.503235336943305189e-01
4.498645569620253326e+01 -4.212464462329942524e-03 -4.414876180349924795e-02
4.554340506329114646e+01 4.979679074810337142e-02 7.902224601395163583e-02
4.610035443037975256e+01 4.986023970207576622e-02 1.042320678963977454e-01
4.665730379746835865e+01 9.656823931049668408e-02 2.252965396915822260e-02
4.721425316455696475e+01 1.738754290945928316e-01 -7.445279306086978466e-02
4.777120253164557084e+01 2.078255542872258776e-01 -9.065027256564224534e-02
4.832815189873418404e+01 1.191253821801720875e-01 -1.720942980252490248e-02
4.888510126582279014e+01 9.460480277414883010e-02 4.893838940922316111e-02
4.944205063291139624e+01 3.186930881789599296e-02 5.703934160746923498e-02
4.999900000000000233e+01 -3.618274061009243286e-02 2.792070594448493176e-02
