1.273671264205395448e-01
2.799455024140226969e-02
1.178037255740334820e-02
5.331868224339553035e-03
2.722289536270091140e-02
4.558369790788260011e-03
1.616902810178472427e-01
5.282545106347696744e-03
1.871232776933023645e-01
7.441763816072559032e-03
2.061335281423996302e-01
1.869331822710699337e-02
1.505332016615147303e-02
3.903941986208693884e-03
9.179711855925925743e-03
4.910284570716943325e-03
2.392174510659162475e-03
6.714410243999117435e-03
5.453107007468082149e-03
5.062944073610732565e-02
